53359
7372
36593
66573
50946
22230
10763
4269
40172
73437
83169
36114
2306
19344
32646
82377
94939
5945
56337
99552
34734
88705
523
51327
12650
35483
97275
8505
11938
24759
47627
80921
53347
69125
97358
32765
26403
40343
83643
15205
25356
20856
34119
55487
72462
61400
81040
92725
77190
41912
19489
69250
60039
26508
68585
95021
18938
15847
84716
17436
70772
77099
37614
86270
25496
95587
45788
89776
6857
18863
41548
31327
98768
61304
92346
66979
17991
58677
44574
46560
47877
47314
7510
55619
38178
94310
58416
33525
40825
90120
55243
44046
76054
51124
80564
8152
40550
93292
74637
85947
70674
43442
80452
32695
14219
75892
62648
39975
99337
8740
21765
63827
18062
52772
43368
14691
23193
21901
94010
24732
41111
37488
66076
19809
58273
65284
42640
24877
69658
88292
79224
65966
6477
41830
95277
66244
14655
78742
38807
50472
83453
61517
24452
57522
65195
86015
12691
66796
34929
34036
41577
7539
96125
84519
93006
84719
29406
76090
81868
87082
21676
59142
97880
59673
81849
56728
16015
13549
46530
9392
50831
4882
41116
93323
71088
73839
28857
98166
81918
47771
14954
37439
48954
95731
21109
73707
48901
58306
72169
49004
34086
38954
85847
16681
61761
31556
62329
23963
97677
28201
42208
25423
35102
18164
24342
60582
38112
19409
11273
15756
63692
80331
43033
97810
27474
16118
53668
65691
24743
37691
54957
47712
17493
85730
31698
56589
46873
21549
61659
99018
5841
49871
5281
69553
47037
53195
42616
95639
44173
72594
38277
33833
93060
95652
7511
90343
13620
29084
8444
33138
56113
25461
68990
95648
14087
61356
57076
15213
9827
62766
54674
95746
83242
66812
30145
31181
24908
89455
59600
48680
57917
55968
92448
44681
24185
11065
11915
3352
77246
45287
12731
46664
61361
63153
74921
40630
77988
51018
42239
1241
88369
49764
52466
81020
48467
61916
45954
24927
72698
26089
83660
6160
35527
60307
5618
89670
18081
67664
61320
26265
81173
30234
77766
35950
25718
85746
97105
89366
34532
23306
39216
80791
7023
55224
69009
93829
16688
73427
79003
82490
82499
59001
80353
14364
29427
56931
44580
70860
87207
66102
62794
14688
2812
79261
28071
9100
42461
44693
69081
31800
43517
71051
99911
70454
4872
50039
23067
62658
86504
50057
10992
30573
19366
54573
30185
98674
27827
11695
6731
72408
67422
68552
21952
56979
69285
25903
38730
34200
16102
37467
68401
27515
32444
24709
7639
63702
83992
37133
48274
46917
36736
57670
85525
16609
57877
6917
31567
97596
40805
84528
83311
46726
32755
3199
35741
41268
29115
24496
29700
3106
71331
89090
98501
38429
74608
97084
45266
35186
44352
14573
97195
59721
75365
43897
96587
14823
68570
90029
99924
51404
43016
61919
71490
86241
79655
57756
71642
51531
18994
28017
53311
88348
88499
90484
14866
50578
11771
36309
86659
84962
37231
94156
54402
47163
71797
22115
53966
81351
79589
47144
84255
57651
72099
41281
80291
80926
21389
40047
52763
60919
21938
16886
57373
1915
3424
47794
17649
39144
31813
55458
80949
81858
41990
51393
54303
24726
51447
11472
24835
51663
14182
36900
5268
44826
13273
25147
47695
68628
474
3263
19115
74428
79364
38108
86754
95486
5687
61690
68224
89314
1924
85019
82420
21050
17091
55405
43375
32920
19979
52947
18908
77706
48044
81884
98688
7118
47208
88386
45063
69558
59341
94507
46560
14935
3163
99077
12176
89773
3724
95362
74612
56747
28912
76223
17719
662
78116
97160
75256
60890
74348
22831
72643
19046
58431
84235
38556
84052
54576
97571
34513
19870
8960
28563
5983
62263
61234
75075
44856
70553
77680
6687
18601
39746
40297
78824
53397
58905
88133
47775
83863
38708
53427
40107
11228
1917
42959
2971
11858
57599
83692
56161
75000
11769
22265
80632
37294
22604
70041
77857
58602
37729
92753
15644
55809
14796
56998
54673
14950
55074
51295
78005
45610
96523
10907
58583
52047
7725
74262
17147
39757
64149
78060
19493
7313
23091
88541
75284
75959
86370
93436
82744
43925
97078
59201
74187
99976
93287
44929
31645
77337
17533
39855
4028
69990
97234
26613
53990
10867
89751
52530
21535
95022
25936
29644
13995
75455
50612
40087
69677
45579
50717
22496
91729
13050
76535
88970
58318
83912
14762
70679
29285
77707
57933
29713
26630
12319
21593
10140
66773
23807
79945
22188
57475
87236
89000
67763
97163
12232
30619
14298
17150
42888
8680
5444
26344
3650
30826
11484
13367
39243
9271
46669
1375
95541
93675
55803
93168
15726
66686
89133
62342
61479
39396
91851
67747
75185
67545
3599
13656
57044
56244
53836
88818
29070
28046
38449
62285
58142
97429
51886
68311
71561
50850
58590
90332
79515
74158
28786
51761
84357
92077
32769
31263
93158
59121
58412
8417
92657
84609
17663
54786
91726
25238
5198
97044
26900
45928
54888
93025
15746
13286
22065
70338
91511
93848
59891
67802
54195
94986
81692
56141
8545
34181
37592
52632
19264
34259
22998
57708
81996
56426
49922
95529
95872
60128
18459
79641
68298
22352
36330
17290
44824
97262
4356
7573
68120
50232
17574
59154
53560
30406
69653
65479
40692
21318
53422
78699
70652
12958
6818
12835
21866
44795
56171
15217
32001
714
25261
22758
53376
15579
72445
37271
45883
85206
44368
32040
70340
23697
47126
21985
17384
12643
60244
41221
79753
79020
88140
79066
65452
43131
49518
18278
71203
73089
88960
67580
38089
24533
8891
46491
47715
31727
77115
93681
96808
36678
87879
26972
47209
55216
1692
65450
54603
53696
73373
80360
75107
61995
61616
80868
45850
94975
98798
66353
61879
46326
60915
90526
37190
44427
84825
46338
26687
34482
69006
59897
90028
29625
44805
96355
47423
9100
80645
35326
70557
32885
13390
37792
80349
51393
27101
98149
33146
72859
4500
54506
2982
24386
829
13934
43551
86799
2823
51243
40187
16664
28466
53303
6271
42982
40538
15131
18912
88275
53897
61763
47717
17979
2957
83568
37772
52658
76041
55778
46951
59728
51822
76277
8405
17342
18747
99287
30935
17258
35877
13129
48089
41797
1166
66026
83020
76186
38964
25434
84765
19726
35840
21713
89299
27749
9580
35278
26871
43149
61581
61166
60491
48456
11072
1868
53849
34501
42057
19165
39614
76892
34461
45658
91516
15256
47072
71811
83044
91553
67687
72036
54083
37859
7721
51038
15701
28755
84766
37631
45415
38391
47399
87239
