56098
18081
68026
29030
13329
77002
25914
40832
60544
2614
97290
3822
39954
36429
90625
22106
97957
82153
5496
95651
90165
2440
45504
17739
61425
43255
8705
94442
46002
16926
13422
5522
89142
66064
39480
86131
32550
26412
6087
74113
70964
38155
83268
45613
87699
34066
45029
71458
80971
54136
15960
77978
5162
38369
18915
75522
32025
83481
6195
40441
74080
9384
24912
53818
53624
57764
97731
1375
83344
40319
70662
21378
13326
98158
74846
89933
52411
96072
81323
5010
16624
56484
21777
10306
14702
28695
23161
9142
55697
5419
97428
32321
86916
75144
91440
7752
56436
16414
21490
89337
76067
45777
25756
43346
12252
67949
14413
97474
14375
59417
32038
83027
40827
25330
30540
21499
81114
81127
83923
6003
34500
85917
39437
54690
57290
97351
22858
26378
26780
39935
61327
71669
14216
32772
66434
19519
76323
92097
20881
96598
7037
50866
28768
44485
55944
58364
22506
51102
55762
62803
38495
28574
68247
26019
45616
33534
30347
27805
85880
34570
4695
17420
11677
34162
97347
97618
47286
97992
17436
87739
18464
52203
4251
19993
1028
73008
46059
59914
50822
82070
18446
32966
66354
65165
13345
17696
63858
77514
37786
21137
16102
88061
13901
57351
71743
29824
35013
24971
53418
69983
32721
29257
64288
99496
97595
1865
81170
21973
83289
70435
59455
3671
70128
8257
37692
62428
16742
59966
86868
44648
44801
38095
21399
99864
34171
56846
2416
13882
98410
85564
35110
14228
54558
83292
26661
55766
69451
4656
60158
48363
79947
45049
46332
69461
17558
12097
34113
37216
88405
7538
97073
14031
75359
37370
12191
36300
61164
73743
74370
64578
34156
42126
76987
86395
71851
65089
2175
20877
97068
71645
54899
20847
93773
24705
93954
46032
28434
47086
3643
1745
93663
79654
16883
76223
90096
96167
30060
10131
18327
34377
32829
28519
52983
61153
87998
63412
65884
18269
40991
58721
90996
50872
40272
45537
30048
73269
48535
50522
57506
2592
46387
11646
94975
61448
59487
92499
52658
61730
68653
85587
56854
32542
84059
82045
49133
23087
47749
44825
60135
79310
5943
91833
64582
60302
896
97557
56543
32545
54285
66867
48209
60557
3825
8185
66317
4727
87537
37699
49315
12516
31159
68871
82519
67518
45894
6158
90574
930
84116
2453
29073
22179
49322
22187
88616
37039
68439
66848
6613
24836
4463
85875
46455
72917
65392
45874
26252
90345
93226
30430
69788
33183
42829
59788
11602
92249
43298
90314
95510
2387
11086
6338
48706
77136
25209
4262
49820
48364
25339
69247
36124
43623
23555
17713
48533
28073
91081
51384
52493
81228
2173
28958
61251
93391
49408
30749
79887
54303
92537
72662
22477
98932
32325
25367
64164
35779
23373
7398
58825
53638
88553
94619
64490
79990
55554
51622
94875
37300
86778
49910
93242
32288
83115
92742
99064
31427
59574
42304
54536
30781
14542
27911
46828
63685
96672
42342
72034
96456
96420
81881
49676
83973
66293
76893
85728
67646
65759
6418
62590
75903
67161
66492
24847
88265
67224
96538
91806
70762
51156
59888
99216
52886
5823
42242
96057
51518
68713
55132
69602
12699
80402
8016
33483
3385
55175
12354
4238
78747
10022
49618
16133
85683
4574
40801
83443
69719
68109
63884
4879
69907
25026
54609
30903
45925
70663
41319
99618
33034
58647
43999
15084
32015
93962
79298
39489
17026
46611
23758
78263
34791
67731
85294
2949
2071
16343
74204
98818
81635
32785
28463
95353
39400
47632
90022
83546
87924
34540
63511
38621
58038
79240
88322
90127
99927
403
39271
12096
31051
78263
24495
20389
65189
73052
15870
27358
71445
29907
17458
99692
56922
97738
84252
33192
76535
73473
76721
44069
92886
98031
45923
60599
37881
74765
32880
49742
77454
19372
59481
30076
80277
38339
65778
25055
54670
53608
38454
79361
58089
28385
16441
70895
95140
49676
26621
12283
32397
95573
5050
61271
97791
47902
99445
11346
21786
79417
6077
93505
2021
52666
99229
84915
68307
96220
29868
17821
67551
58206
55301
10334
77253
76218
48503
26812
94577
46134
54271
25589
40872
43841
5623
88749
67032
33515
54673
17849
16438
65918
61590
17337
77342
1130
87645
67857
8422
43091
86450
62743
27733
2330
94396
99554
40426
55421
10961
5876
60080
83180
61807
33860
4285
11277
49968
95525
54861
44289
5908
17949
67245
86855
24844
2082
2306
75062
58133
74069
92799
72035
17631
88792
59664
19531
64489
35284
59075
6493
56755
48260
81233
5369
97787
28473
11511
15628
22490
30366
42994
9045
76574
81440
11294
90474
35159
56523
73375
17230
3771
81148
45424
8059
53199
83658
18679
77490
24085
80213
98714
8763
34359
8643
46270
78872
68669
47227
31685
31850
77905
11376
50623
35694
68265
83475
8001
9469
59248
54569
43570
2498
76097
48932
41973
46715
57804
43589
72797
78318
71404
55621
73816
82147
1377
68239
44209
4771
64555
30241
52590
445
50454
46283
68240
93454
92129
8036
14565
36110
18938
97337
1706
97161
30508
98317
15119
39611
67379
87586
84997
66844
45798
21189
69571
28160
29222
92339
22779
93542
25865
20959
19852
33344
44988
38748
43147
99777
63032
70375
34248
27114
65610
57725
60629
22190
36052
6393
59796
61326
38774
35335
43065
35896
38401
97699
84765
21824
29343
71122
84290
44249
15157
90467
67640
47458
27074
94587
99630
37255
35890
2869
37105
26022
85088
78805
55806
30218
14232
9677
7234
57413
54101
24605
8624
66413
80481
97592
1668
91075
97136
70743
24870
94742
72962
94672
47720
29916
34557
25990
8604
29794
68158
77172
51155
86637
69305
13849
72180
25457
95400
17586
14141
62458
60255
82970
64090
64108
75054
24503
15113
7874
82720
92586
44761
88580
18593
19279
20390
33466
57749
98500
76737
22792
93469
24639
13872
34233
31547
99423
46070
34794
7570
71681
81923
93197
90975
2999
93668
10327
50719
90370
47131
71161
7636
29637
5194
43589
69236
50940
88688
36694
24201
40819
7934
87227
19727
63071
4842
97061
11878
15306
42060
93951
5450
31255
87139
10403
91826
92805
86870
11121
63108
67864
28195
23572
6713
2901
44175
33371
44951
95523
62605
35337
9540
57384
98427
83873
54336
16380
94340
95565
5415
90266
34770
40529
57985
63745
50721
54750
45888
25044
3623
37756
25820
42178
73614
35066
99632
44731
75584
77947
12553
64188
18745
99243
2928
46533
36094
57011
68674
241
20194
38119
22022
85704
37753
20978
16760
22397
69178
17460
4339
99390
54595
46059
35998
13204
74029
82886
9176
60547
92694
1323
98343
58532
66255
50273
15700
22522
86087
99882
47082
66165
34393
62191
87829
23125
86130
93509
62318
11676
50771
11699
77665
86438
18563
12758
43180
42948
47730
788
79434
396
30394
95706
16295
76507
50828
19439
96952
72422
46968
64761
36586
17280
38715
4045
16513
23575
11138
89821
77170
35973
70988
48682
26838
22160
85129
87615
74469
96716
14788
25134
18571
92434
41954
88638
52503
93569
3662
47323
90009
97652
96028
71670
68626
15911
92628
8308
15932
51604
6559
48713
32491
3261
59012
64485
86053
84751
24219
7923
79271
62585
26876
77067
45760
93007
96025
60252
45568
53676
64840
30013
531
5078
11830
53061
40873
81693
90906
47969
93098
28599
55062
26494
24974
72235
8538
15255
95242
33617
63813
55250
81608
36235
79089
26116
23573
34110
57125
399
37286
7265
8144
42175
47262
15507
15760
73129
88010
79819
60547
1205
61618
31586
18467
69224
87431
13353
10250
48394
18232
17687
36701
84099
41274
90925
97772
39974
99418
31515
42650
52842
4315
15142
33960
79820
95065
49440
43025
61365
18674
96202
51364
7430
69275
75821
66425
43286
1584
58248
30253
99449
45008
76097
38347
31916
87382
59296
76727
560
97981
28004
71982
61793
58727
43602
90558
83171
19377
16224
17869
49447
32
36213
53767
6181
19919
49398
45052
34096
21130
64673
30222
33259
58345
89558
65615
68351
93601
70868
19677
60071
85533
40563
35657
33957
4985
4734
29017
53942
90317
66446
55734
35482
49245
39481
60235
93081
30728
89826
14845
38006
39528
39203
93022
25735
94315
23050
35907
48054
98580
771
4811
12291
31923
73218
72594
44048
65976
25447
88931
91137
74499
73268
12201
98606
99255
88148
70471
58545
72199
85700
5455
49686
67619
56568
38876
83351
89219
81944
62076
24237
68931
59334
97135
60232
37719
62336
65221
8878
41497
70184
71796
4984
18527
30397
62301
85261
49127
87866
97006
65772
21073
10126
34708
64461
32763
91940
14029
6816
10226
34009
48857
17483
34780
99231
92391
13471
25414
2387
91110
34196
67117
8640
83154
46314
28265
83503
42771
25172
1387
18711
79215
20691
65538
28571
56005
46587
36224
17676
97338
15081
66380
73856
81366
82611
90059
10696
2238
38089
54378
94209
34444
33698
52109
16574
41610
16735
82851
14385
74034
68044
90007
2637
70588
89739
44600
53422
52240
10844
18042
50492
95722
10444
82315
78558
28123
7803
2724
10826
41764
71205
67065
4529
2530
98462
48003
1086
40225
39432
77724
91741
56953
3423
35069
24616
5049
59260
6463
9849
81895
78297
75559
74922
10267
48072
95907
85106
31433
73562
38246
69151
74349
25019
66928
72351
24107
37410
81233
3143
27003
21793
19900
76059
7209
31012
76468
97700
99451
35919
55164
98400
32288
31018
27
52460
30291
2064
71229
8500
6118
921
25528
24390
58249
23219
23290
59433
48303
13834
88984
2807
649
44092
16299
87146
43128
43459
90092
54643
94690
11500
30895
47907
80407
81714
66458
23139
29940
93104
87076
76343
58612
23790
46696
97503
94340
35163
41528
35406
41057
39772
71752
76332
47700
22044
49302
80280
67425
34550
88134
19784
35416
88175
4871
31173
53548
84896
74009
46280
57141
27279
28867
36835
96052
84979
14753
62822
75875
87060
84331
84322
25953
30445
45294
1735
28232
25878
31248
65851
55725
80771
44905
53565
44812
4598
41754
57463
69989
83926
82902
27625
56879
50638
22911
67560
31929
49488
8576
10803
33050
81186
95121
65167
75881
62204
9342
5328
18009
75369
39162
90239
18723
15137
2512
33833
76572
21094
32330
81241
19675
87996
49014
84364
81340
92210
93618
20487
53338
97840
43736
75133
21821
79494
5961
93399
82561
96528
87909
85882
55870
51691
87846
89466
69825
40473
78810
28749
30306
18403
65821
25605
73947
18885
90565
18061
78777
86574
57499
97101
85746
47530
53192
9594
51829
32450
49917
36116
46231
96667
26257
52903
18610
79616
23572
25435
55903
25806
88918
52283
50871
38533
63864
34718
63090
87752
10867
16747
38366
99131
91670
93279
91594
27543
31401
78846
34640
93949
82202
34976
14011
49321
39545
95400
98469
43358
56457
32961
3657
14141
27303
17806
78195
8888
29663
82873
34978
65209
29473
79752
63552
87818
77225
27190
19120
14680
63906
69556
22508
67678
46560
49652
27660
67378
29114
99699
10185
11750
1328
22084
74365
53671
55237
19433
45854
83791
18247
79882
51217
31663
12215
36319
99776
79315
32921
8642
40554
99467
28103
25625
43257
97962
50129
80797
84275
55413
11832
37518
47214
86631
72023
98961
42355
13013
10432
87681
40934
83294
15991
87836
16842
66350
4220
84472
53386
52661
48079
37625
829
47309
40017
34997
39291
80937
78473
72238
87011
45618
52285
5039
5364
64929
80038
69358
50884
33247
37078
20272
38534
69999
88698
34791
41234
11334
24269
42054
95617
22845
65573
60267
90539
43689
87570
8772
44246
72681
97790
13781
77609
30569
17231
54132
76594
72658
15648
13406
92851
74977
22273
44799
51316
67337
56549
3407
48838
76773
46514
46117
2299
69544
340
75329
45071
13859
4922
64540
31953
48779
70564
64997
68504
99054
41372
98041
71140
97648
34831
54648
8610
94150
11003
66434
59568
14464
17604
6998
3418
38874
57189
61064
5804
28400
20149
23622
14354
51779
36568
15283
62295
41734
25747
67402
94105
35258
41264
51730
94891
55169
89923
55644
89981
82522
99266
55215
44042
87731
87138
55803
40697
8084
67091
12104
2847
39230
10968
53321
72970
8528
16296
86333
45530
92301
44300
50212
64003
98294
59191
1501
33220
94178
98004
4712
28818
30608
13282
13528
98115
99721
13275
99738
53493
20888
47644
21298
72085
33227
38290
67852
88457
61013
45198
99620
46528
35128
46959
5259
86867
33533
86144
2114
31382
77249
39713
21582
41771
70769
51078
13570
16964
99235
27725
57904
54463
96963
30455
56549
23816
71968
57194
50347
26630
19608
13404
17393
84273
1040
75172
62563
82362
13234
68977
20329
83085
26211
99759
46433
5340
36563
46329
38152
77750
14698
77479
15849
90501
44988
25961
97094
70041
99339
47116
70006
25146
85594
37795
11187
66908
77892
10727
36183
80043
75244
73956
63704
59537
16125
29979
72135
83946
45487
90548
99441
24761
65618
11163
34823
30024
24574
8208
62685
51017
42415
25693
8380
25855
44880
51338
27388
84738
5127
58153
53078
86708
73468
35518
49516
48699
43870
41764
70201
65662
52318
72637
84832
68758
36339
63194
26013
97822
41529
47541
98736
37050
37448
25059
45665
70035
35437
21114
39299
66485
86320
75907
88004
46391
20032
73353
84371
43049
15055
18294
99942
30583
53655
91311
78543
78635
25626
98333
86764
34108
92232
9193
55101
20700
62477
99698
36359
73161
29578
76355
92591
77962
41258
19425
67688
98564
41360
50788
61595
54459
47850
88755
59200
25502
69487
26482
31818
52366
49790
84877
39499
79478
96423
59387
7151
84045
67417
62994
19743
51111
4277
9960
16365
88851
48902
61013
71292
35957
73509
2156
77314
41630
34382
81395
21914
26127
22226
56272
48160
88235
17506
36779
1412
34075
82012
50590
71313
77940
2679
43710
79892
30951
49887
91066
33008
55326
37420
41771
71729
79554
54290
443
89075
38930
92761
47706
83506
38455
29022
94173
15897
58656
29744
81315
27463
46810
80157
84514
90999
82271
76346
88770
24578
22005
4201
76877
93635
13604
26146
87561
66618
54375
54036
70203
47840
50891
29949
52457
51924
90725
40536
28382
96220
63390
83300
90053
68503
60371
45161
92692
31629
38233
42064
85580
28395
86860
16827
98513
87006
80693
13737
35765
72940
30990
24317
69250
8409
77881
43394
50970
43185
72196
30471
4887
29174
44123
6445
34293
8261
84465
6692
61308
94146
55597
18635
4639
8288
59272
38067
83823
41714
7879
94079
26471
81916
4271
88432
84551
60247
35216
3253
24088
45860
89863
38722
4168
9324
27450
79614
85137
12519
41868
74347
82938
47995
75995
30181
30782
8847
44394
96000
40798
8160
74219
40850
81627
45594
77359
27760
17006
39838
91946
89548
76282
9594
44109
86161
17393
66536
34747
5615
50237
86559
64011
20955
11330
58109
81824
74148
91688
91880
51653
25563
19731
25667
94929
91985
37661
20959
95269
71823
25534
32003
22945
69275
16011
16859
95981
98095
52831
25098
81734
11710
15669
70577
97508
47216
66911
8577
29878
24775
1127
35545
16037
84219
29953
12172
68781
2657
68997
69177
30028
16528
56960
90062
72259
6710
19127
39219
86343
48867
94869
79682
45424
24780
95997
26091
39170
50542
83780
86474
42509
11986
9687
28279
63408
26403
89766
2036
35113
77457
38421
42447
72470
39535
16532
10507
43910
76251
19461
15265
40750
48288
93848
80723
80586
61164
49875
88270
70589
29353
89627
87048
68527
25699
72793
23310
9501
19120
61417
42222
38610
84946
96252
2021
55149
81538
10343
17161
53392
62694
60168
28325
19448
32630
47728
5160
52969
76954
68461
91570
19395
61317
3631
63273
16717
5778
16032
45090
16303
41010
38764
12765
52495
71720
53580
32054
90848
14562
48914
55143
7473
18468
88287
6413
65220
79095
25317
4629
45628
70766
1947
15914
41792
81548
89328
21891
32983
87932
70540
76238
22388
61229
31301
61325
45617
33471
91811
88346
80111
84193
81523
1475
82022
88133
6610
81664
96631
84823
82907
44377
90725
81308
60088
14434
18257
51840
37473
7847
40457
89441
54338
21416
38295
87838
42555
78998
36499
84469
82861
52752
3894
9087
28327
61589
3202
3343
15824
55447
61387
42909
39805
22413
60522
84852
98441
85888
81243
84760
94379
56458
31687
9412
62873
31544
50290
94069
46753
66405
35594
93568
8457
3278
27845
19594
79921
32041
70334
95538
39925
9819
33224
9659
41699
67892
25496
66641
18770
84898
31622
2108
47181
18594
47040
59152
83991
9728
32578
29397
63593
31531
10165
124
77599
62873
1725
51291
70238
98852
53924
82298
46520
7879
43396
51456
79059
15128
11732
23104
21413
51496
43606
57725
9704
11990
52424
69609
19456
11786
93443
13839
39299
43285
16563
12906
2750
67599
28085
19022
67674
70648
63114
92394
93168
72226
31540
25001
19120
82429
49877
66713
64669
77692
54758
4843
83383
53773
80967
9090
44148
30679
552
91165
63022
54935
21006
7187
3635
84397
57148
44919
81835
26724
86199
38709
64979
41229
12622
15717
11749
27712
82880
31536
77036
15255
16415
79385
43423
38693
50503
97504
24695
96560
86214
749
12957
14259
31299
82449
38930
92026
56265
8978
93426
81504
21695
22835
56268
94698
26722
27368
99139
63836
45099
35178
53084
73617
19124
91651
71902
16372
95930
28520
90177
48534
15140
52164
38550
99109
47688
48652
55425
79632
80287
49026
95449
55084
5876
91455
93136
48265
33105
96576
86120
65353
87284
48718
9337
37242
67194
142
44470
46482
93009
60123
45812
80791
9746
75410
28927
64016
20371
83056
70237
7702
59656
30299
65456
63222
44234
19573
96699
96814
52059
18902
34903
67309
92284
55845
12610
62577
21274
29718
29650
61289
55222
68984
48428
35548
95291
14195
59422
62027
21716
85411
60472
55147
9508
48397
65484
84328
18302
73351
23957
25258
54095
11917
6508
66255
63448
54807
12529
85813
69630
81064
37998
44888
27973
21351
53347
54306
55506
70803
15235
57026
56171
99978
51551
43454
29924
53051
31540
32134
13326
44335
96586
79343
53187
47135
76195
478
33457
10324
38678
20854
74832
23195
78653
45769
8276
13869
9573
32369
23955
80271
74792
85433
95142
86929
15847
42189
9302
15671
15230
49217
23428
9041
45850
82709
73314
9817
35933
91549
63738
85923
74778
22840
70709
8465
74059
98569
48315
20767
26876
8263
6589
56722
1744
42053
24019
76318
32151
98807
81886
60541
21806
97510
52711
13347
72803
4274
6389
94974
57367
28732
87785
26903
26042
49465
10154
24155
44862
56404
95572
37793
25405
10259
54089
81914
88015
20187
77418
13788
69127
8386
1976
48226
79237
91456
97680
70021
77612
54151
90047
54131
75469
7296
82474
69490
94291
61511
47801
14695
1200
86632
36723
71379
80034
46411
777
23129
56363
27517
14452
69416
41849
41526
7504
37749
51291
27748
30638
63704
7628
13941
76919
27528
17758
38275
14528
19856
87986
74596
92352
84252
9782
43423
52099
73325
422
53396
87464
44204
77638
99375
66863
98767
23745
54148
21565
74146
90164
65985
40252
77184
87328
1228
8943
9475
29233
47939
77799
7600
3491
70010
86943
5211
49624
46771
32242
54061
99553
87835
9317
92861
153
66046
71530
6228
1835
17505
86580
59730
4329
53400
33027
8319
79946
30072
14491
63865
25446
7382
18154
48566
68522
45166
13067
81154
30870
62092
60059
88043
83099
49705
2539
1071
81410
65946
84738
54781
62941
41881
49620
80108
28502
5196
34566
71472
23169
95127
76182
44437
4431
44689
55102
22808
13332
61128
77172
39719
5990
55891
81370
49657
56735
42768
35956
34798
6785
16769
49805
18558
37810
809
72927
73283
15400
66080
76140
83066
79057
20461
78644
86941
99417
92880
22919
14638
28811
84237
5569
11329
53488
78748
1277
96661
34691
32408
17198
56171
37364
43361
65851
51462
12224
31405
67506
68983
49842
74755
3713
33700
41743
82375
59611
26059
30439
99315
3654
95349
41933
90380
7148
87470
17531
81609
3899
82410
44305
29395
34140
1394
42948
47765
10798
63606
47804
47648
2571
99398
68745
18097
78667
2478
79573
70189
1182
19854
57020
7643
96441
44401
75199
16445
69225
41532
71092
74452
63489
19043
26046
3443
67041
45076
38266
6509
7900
59935
15387
84122
15508
8769
80088
31352
39241
29756
11240
74171
98757
50245
58680
23917
96556
56004
68929
61206
14802
76453
92884
2941
24580
71926
5041
88368
4790
37989
22614
59282
52162
48392
33121
75071
30198
79859
23691
44134
96943
55129
6963
98819
45006
8187
5946
22043
54715
30780
20495
15120
17309
89426
72932
60521
17269
86550
30560
73496
48356
49872
19790
70385
15739
30418
49892
17546
65330
90368
73026
17551
18420
86634
94939
86955
27306
67709
86985
3970
63240
89543
89154
63035
33600
92370
2601
85466
34743
30269
78183
46541
16557
19068
50358
479
57116
56012
25059
16747
83459
34404
16469
80764
20394
79052
16985
33008
75964
66379
26232
65719
67996
69312
1510
34604
95435
22054
977
99861
11134
1054
35558
81838
44548
68481
70321
80826
95732
6660
45133
44388
69057
61788
46337
436
65345
56453
73054
39172
44511
50888
95523
59805
87440
94717
64175
95624
96877
47197
90324
89785
54085
85765
73081
90205
10953
47938
47130
93039
87780
91006
3029
6825
74662
93788
52700
12703
15481
86617
68667
4558
32455
55447
20306
7676
31216
49408
18279
89390
2205
40039
90
42454
20790
46965
47794
72915
72588
92931
58208
72845
30238
48086
72425
20228
4467
93676
79541
29122
51967
15051
74850
1925
99831
42876
57465
80919
52793
61678
47398
26839
73713
67129
71946
44328
94390
39575
47967
85801
52354
50749
97855
30953
85396
98688
39927
90488
23642
13554
79489
31724
88195
18278
76048
22569
99024
95015
49443
59850
15936
2225
60600
92606
7352
66540
34496
30672
99522
29457
40370
668
69077
23792
61202
279
42602
7375
66777
2942
19575
71258
41996
24959
48479
39668
60462
43487
8474
35582
22350
34753
37571
38645
57939
25260
69832
7020
14334
51758
51694
50292
7626
31584
49352
59286
67603
35160
50272
94947
18013
12654
65397
41091
86060
82917
70648
88903
43454
65688
80592
6828
83619
26234
34436
60481
61839
2161
90883
28074
13796
26746
60155
65166
95174
36091
98550
78838
91249
20693
21783
56588
76257
32124
81404
51259
45633
24642
22875
34720
5307
5666
71601
75320
48718
58947
83582
40248
41779
21521
27808
82117
59526
43750
62271
36060
60312
46182
3477
68452
92463
78608
26090
73050
74145
95590
76911
81563
98404
93198
30855
33566
31310
52050
85639
19668
26693
35782
12596
32314
73959
26663
55141
64993
59582
72418
17871
11110
94221
80087
28311
85169
63796
49174
11947
33724
95671
17956
16349
36068
9707
12305
97752
50243
6645
69856
26766
4014
90222
77499
32019
87663
89784
71511
5370
74415
2029
45430
59469
71983
79998
91791
32956
86086
86809
62151
7459
94751
94584
4977
64497
4256
65834
27294
5016
51387
2933
22912
509
95331
63562
88173
70101
75805
47635
51014
97880
61759
52051
67800
9983
79970
2615
82761
98427
26724
70908
43599
55622
28321
63497
59950
49303
4506
51150
49611
41972
40199
99026
2990
82683
70650
28272
5599
95928
39741
60995
88475
45485
93916
99517
68061
70701
53216
56415
539
36682
77643
21496
73248
36162
54781
11134
55442
67202
95990
73141
7185
78506
43376
98101
59250
22614
64498
75704
86954
76886
9683
94866
77705
23278
57216
52989
10193
70624
23733
51254
97831
44214
11981
9302
59378
55732
76293
15650
66821
73995
73084
4035
81897
33263
58281
26268
73040
78630
59291
88564
83002
79384
82720
41936
83759
7492
92902
71233
84369
26734
18596
45910
85955
21921
5028
52080
23626
88552
60750
31233
21035
5207
96262
44301
67287
37482
74790
24463
24360
82737
7440
3096
90169
76176
79008
57854
87256
22399
37705
9353
64254
73751
21587
98572
93106
35270
91725
54144
49599
47201
87356
1203
51588
83906
50527
97383
84178
73092
39359
18657
44098
87163
51532
93494
25586
39380
5710
84157
36014
8839
53744
33003
32704
35982
45433
52946
57691
35913
52622
14677
61485
63927
26618
2197
84702
37672
77017
72546
32453
15682
63753
54361
51415
12580
67778
13592
19553
99473
53071
46355
18552
77984
54624
17282
7433
52609
87409
52105
48769
53141
34897
53580
94358
48087
35132
64336
27356
82275
41305
5988
19210
91390
32332
86702
69105
57947
61746
65145
29054
6970
75265
74109
21235
71316
4426
61172
54319
21576
48539
25935
3793
2872
43110
5457
95250
52504
3922
57817
80660
10644
7471
4832
67339
76226
61584
48970
61741
71872
46448
69660
4101
13033
71270
68900
25780
55663
3915
41153
10201
3835
48937
99336
35122
43584
68204
62520
22939
38206
80661
57317
79438
64878
6163
54353
61592
24317
68873
74667
17622
23535
33899
64343
36349
24842
40023
88584
35308
25545
69597
79943
82304
66373
37400
19336
1806
9241
99456
12725
1647
70561
49615
55251
33676
82772
2425
13852
7177
10704
91381
36229
89010
91313
48675
75467
9666
13029
88578
97052
13446
91466
97053
63007
61601
4531
15365
87088
53668
52304
19217
37588
37111
17501
13366
38385
67512
337
10230
74781
40299
13602
83332
17973
81821
59103
14309
3964
54279
10747
70783
14098
4853
70612
70408
91302
35326
2657
31324
50008
36547
95320
28359
58290
55329
81291
10662
32594
93847
29715
62320
7294
12401
5917
6662
50617
21773
45680
32693
50912
2186
454
55867
68038
34678
24688
28738
91542
68803
87214
26578
2146
21716
83865
16893
88628
99271
59293
31207
49444
21462
6946
9781
89150
56337
3403
59904
24670
90147
60510
23232
32495
57204
52458
59529
39387
64453
48343
62274
1314
17856
1437
2916
63669
3381
40054
36971
32701
75924
55902
11832
66686
35711
19026
91425
15424
87157
36097
21424
19681
46803
895
81829
67343
40467
75814
53925
87445
16399
58271
56205
78335
76095
25326
201
75410
67689
57028
23927
93574
1974
90229
55054
30594
25316
20158
20212
17866
19038
59978
67679
11428
13242
85681
89852
35793
77826
6234
56468
90638
11565
44915
93596
49954
8730
43733
37242
42167
81850
38055
97606
22781
45667
41979
12908
80729
19562
28851
44453
77249
45973
49361
81349
93752
71210
60227
81093
86836
2505
87684
35415
23776
37215
88868
94615
35755
28453
6133
56301
88062
10219
71599
20183
39638
65781
6938
75164
69799
22183
29173
77810
35713
15965
94898
16544
7097
45896
30360
8971
68158
64770
76955
90006
79413
4797
65289
68647
91568
96562
25237
10087
30344
70938
49363
29213
81853
21805
27376
78197
20956
24430
44085
49677
60416
47218
60579
94557
42767
22458
90266
23398
17528
97621
90047
21109
83439
52342
59299
48161
1320
90014
95389
48227
90210
79408
91827
34322
64507
39181
4949
33723
1207
54988
12434
70464
75020
11470
47336
80653
4181
31207
99156
54231
80167
12740
84272
93547
66192
21338
26682
55241
25451
34801
99921
71173
77276
55061
39512
70161
51897
57061
81139
66607
64735
53736
2979
85835
91630
49096
18259
60871
44195
21663
82227
72130
12253
15606
74512
45461
25256
28080
36715
86276
89249
69062
15719
91493
89535
65408
11077
91759
37986
91020
50690
90718
1314
2168
53817
21689
51924
90881
49046
21542
78087
10066
24103
12141
60301
67585
51321
92026
10183
65513
9207
6561
79645
31879
55509
10356
42002
5948
66367
63287
25377
91166
86615
64897
8731
24094
35915
61019
34697
10937
52355
86707
48071
65420
16806
38895
73503
81954
99177
3080
25516
11647
32986
63543
2842
98889
30654
11809
14256
58666
70550
97766
29464
84070
84883
36867
22205
16996
25770
80954
44517
87667
30440
50929
3982
9407
52311
2930
71747
62809
51066
80654
93150
38153
49199
94482
91886
28936
8619
79319
76731
79437
72791
51244
65921
99508
25674
75590
15776
54965
76021
47869
62273
11284
28478
74101
25046
42033
23462
86300
21373
47488
72054
20921
93936
72630
14041
52448
65862
37858
75028
9025
85486
70526
1596
42614
46219
7249
89543
17145
9105
20761
28247
26973
52280
80127
80620
95948
62316
42759
5977
89681
71034
1004
53409
90436
88975
25231
50862
61298
72826
82896
6234
78296
8225
33503
11725
10214
15268
98244
38554
38702
81702
22516
21471
61905
73752
81400
52729
76554
16860
10515
96034
69430
42744
8936
20603
56480
22217
65578
33813
8652
96383
18101
44785
45345
68352
51174
34643
57736
89044
82855
98343
2558
91334
85308
92325
10660
72218
20067
55292
19653
41906
68555
56050
67461
21101
46205
17008
42305
89655
12708
68206
55920
2526
72553
75234
9156
97729
42651
7383
77243
69787
67231
88008
19748
39570
78950
59289
35442
18900
76577
63448
89569
69895
16502
40229
77494
1027
80081
71098
1181
79278
18162
41347
27203
85255
91806
6155
21251
7169
29362
93379
55191
52449
77390
51784
94448
78909
83415
94109
21717
1140
94596
32049
22078
40544
95510
88058
26823
50959
69195
60093
37521
82445
1045
51120
58405
89835
39741
25138
44615
56570
87857
65232
94512
67205
25343
51695
68557
4069
98048
51030
22675
98682
11857
95282
83673
88493
48599
14250
64132
39612
35494
67298
79423
10204
4225
53620
26305
44705
68039
67868
17670
99117
51591
92865
58083
93120
64122
49047
76389
43995
62965
24280
416
9677
39172
87072
7284
35006
1619
19256
3049
42395
48255
67281
16925
51136
84279
31427
91828
81016
91932
52924
19961
54242
48668
25458
69412
61614
98034
32833
82348
71219
89943
91174
53738
73958
78649
91839
79496
85608
67781
57524
43479
27011
31463
76317
75637
32760
9392
89543
68715
88226
83353
77476
21305
43236
61373
92023
58713
91046
41732
84442
75919
43894
78282
91058
11626
26827
19379
93771
77695
66456
1757
32386
92789
14590
7430
80751
76926
29511
13800
16354
54267
93597
62025
63743
55274
69726
72711
53288
71905
58489
7729
54691
82447
64461
1195
81303
10658
98752
11427
21781
99
7720
94818
1618
74891
49757
94471
36916
50909
19765
99211
90663
86882
51088
42186
38228
2663
46527
17497
37873
4301
54340
75773
66019
84987
33988
31198
72165
52825
44104
2336
16341
24090
86314
54875
14347
18329
56748
81057
22762
77758
89872
25
12653
57454
55435
60303
18879
23090
81222
56396
15435
46715
799
41818
38378
91595
41314
13887
66902
58006
90736
14386
20208
11110
71196
2938
15888
20348
74935
43588
91056
15595
8337
42192
81648
50762
31002
3867
50010
34054
23480
24236
56109
19357
71334
47734
17496
37099
90030
45434
80217
22836
83784
66752
17680
15890
29337
20078
57037
9578
49170
50448
33794
82798
85940
88954
40685
16362
24568
74506
72628
73305
52193
27810
54580
503
85987
97083
78717
42683
80284
71664
34893
52643
51025
23898
63752
25361
47892
74359
46750
67202
72633
19061
75701
19078
98204
13986
78889
93301
48833
64673
13514
30121
88831
12080
90100
93392
91014
78172
18941
94817
65911
5122
19676
93097
88945
76288
23563
69709
1336
75104
23778
58851
32962
62703
74409
76262
66415
70317
47381
91177
14110
54817
13450
54319
6783
10689
82558
26045
97147
17765
10405
8328
20643
98386
7887
65338
4381
85026
35390
40010
91886
94315
6671
61630
5825
41979
77735
86108
43145
43695
76277
34580
58793
61090
63014
56741
98444
92094
66266
87232
64221
82704
12293
35621
51530
42393
41239
33991
24602
61566
4804
49731
54293
30261
81129
55754
27200
24340
7513
32884
80414
42101
98454
89805
27010
53658
15720
77644
63002
71238
43676
46819
1128
42118
61671
97556
22655
65207
21530
75967
80320
69178
82778
44573
85753
12296
79867
56270
56959
90397
53031
32164
82621
43560
88201
40194
93436
40391
58292
28615
29068
31960
42399
93659
17113
1309
23235
23867
24859
15043
86742
41511
31960
49665
75772
64723
82925
80564
13538
94132
92939
19252
81568
61786
45844
6813
64389
50111
83929
96327
74671
71411
13922
28482
82019
95945
34311
66337
86453
6600
18328
33849
79336
11000
93145
75706
56212
72151
31107
89256
98742
24719
71156
9851
34877
50188
43832
74812
3163
40566
84728
30259
15737
30584
16023
91109
24041
23986
11360
38799
69861
19470
32966
46201
52867
72521
78093
73005
58336
33390
94070
98826
20646
12163
97659
86182
50464
80395
37545
91700
29387
23612
94409
8433
45422
84866
82491
7176
75918
50867
82565
82747
65097
24400
61795
41648
73867
77275
44236
93606
53655
79485
15082
9254
39350
51160
61310
34467
16374
13472
89115
42707
99164
40986
66054
27107
11935
90517
48311
48201
21501
24204
51715
39666
34127
58146
96840
62524
94404
4675
13494
11729
54552
98831
17428
81708
4941
76605
48001
28350
69633
12449
15566
69046
3307
66316
34973
94744
53960
16753
97360
11590
6927
45852
26255
17516
26490
38100
39611
99899
6592
98302
49267
96048
37320
44469
79379
99091
70653
29725
95918
79524
32940
95994
38991
87024
4046
84508
3043
95981
36555
96220
24463
94688
18316
61598
97945
14505
78847
58903
33797
94012
32279
39307
64167
11192
12125
66039
72359
94310
21016
62480
64055
24781
18627
83316
9514
68624
60199
15649
48459
69065
57753
62521
78376
29684
73222
43546
8723
49254
12033
16878
82672
11638
92495
42486
18291
87173
82985
975
87277
50548
71728
1213
21253
681
60045
60054
62407
40174
61673
56391
20635
30826
89874
3292
56682
77408
17640
56765
13427
15348
60867
21824
89313
26812
20724
80059
26051
66883
44947
2653
21457
92909
10780
34555
56960
88394
46895
26636
37404
96699
29764
25961
76410
65160
66314
92566
50848
55977
73958
92698
14980
54641
98959
83275
34968
26510
23095
80741
233
74361
12541
55890
55215
4541
67601
39466
96179
45763
54459
87012
54452
5814
75911
11937
60238
97212
58886
74983
7407
90217
90923
10923
24197
64816
67311
33633
45983
4799
428
50461
56222
83560
23034
37827
1397
9651
62561
47808
10435
73373
56236
8114
15344
43453
45653
73889
69600
94299
85
59718
53938
20895
65919
95041
25817
15281
75213
89420
5400
75031
89547
45944
97868
90752
68180
97538
414
62513
33049
76791
70782
64489
22446
96980
81339
76164
2846
87868
66958
62283
32012
73504
43538
57287
10647
52647
62480
83649
60375
37362
50466
97233
22181
38090
77056
94798
92932
89776
35009
49553
81638
93539
17048
58710
84355
53265
60490
97057
69371
50843
75272
53945
11896
54188
82780
22462
29719
66670
41467
67944
39372
51603
70734
55928
8669
31812
30804
54561
67525
33725
98694
72132
96177
71787
80462
2368
77183
24352
2719
34438
43830
37200
95919
85400
31353
27530
33397
78852
60146
32739
23623
27542
7214
68805
13864
80030
48349
81537
74058
93029
65920
41531
17733
95740
56828
73436
60791
75791
14330
39054
3110
1836
94831
23605
59852
60704
58666
59880
15236
27551
17901
55935
56212
9058
12844
71053
40530
50267
44092
71683
77359
16031
8477
29135
12874
51537
89147
37917
27920
84042
88124
33869
7329
55443
23522
74928
79866
33241
26166
42360
47420
57536
74990
66884
19222
18658
76198
46201
2288
92186
87721
27154
34472
8245
23557
41590
69023
32584
36871
31569
46723
41888
98496
47361
35842
85542
52943
60966
86756
49268
73977
56317
8579
85905
32028
54277
11443
30277
54406
49197
90796
28481
10186
40322
79003
32169
9542
90645
37396
93669
30333
24097
93856
95972
24663
96647
86364
21569
67871
92584
15837
5158
69140
41622
14012
61536
41109
2604
15438
30805
37049
78259
89127
93074
97170
16852
10659
45164
14090
87191
83037
1875
52079
76035
88569
69054
68393
52374
29846
55174
81939
673
72436
9925
37600
85923
64884
19069
10718
94205
45251
22128
4316
82985
44787
54264
14262
72954
49035
39165
95272
66640
9935
58551
15132
78359
71856
25721
94675
35079
31583
63771
48700
70615
43700
59024
99189
6800
45271
68203
35204
63119
35225
88957
49279
38470
82225
81641
91023
9807
19715
88371
39924
47743
33641
68645
67415
58962
54529
245
50551
67776
97760
57614
28897
76981
74280
64919
91281
4409
98404
16486
91562
96358
70206
63642
68179
43868
72210
63494
62789
62641
99103
40103
56332
34704
94550
82238
23182
40530
8743
90746
85670
18304
37392
63896
45899
39364
59843
7576
67887
33722
27163
87317
557
16335
41989
8247
25142
157
770
78690
60076
1388
61373
92445
13060
2512
41076
42898
67688
37399
30559
44342
34314
52000
94896
38945
31012
67129
82516
17504
85705
44569
57186
80544
98325
61754
8670
56260
26750
7034
7803
56895
24047
49422
87720
27708
81240
37625
47030
32891
44323
27796
94950
65045
9458
43913
97895
22721
67315
7956
45204
20893
81023
34385
43041
31092
63887
82105
16189
39862
37680
2143
27567
47550
4068
92729
56991
46473
14706
18099
74525
69749
72747
31950
18132
38830
85740
60408
1162
99282
88298
32480
33100
43867
56794
21744
23934
10884
83846
14620
14207
43991
2245
24118
28289
82357
38681
10744
63388
99049
89673
35841
78283
37144
1598
7351
65927
40970
69686
34158
62524
15395
58778
57034
22162
54168
78984
84137
33609
43743
80082
4981
33315
9106
3281
8586
68951
13766
26503
23715
91184
17459
15627
3284
41951
56336
25363
81922
26607
84687
97297
36750
88004
28854
88572
8843
84944
67068
99693
26916
73191
17555
3287
72087
19999
31501
97770
73881
11202
54966
26503
73864
42179
12749
6656
53651
70456
57686
1838
46023
95102
26159
28285
9913
58462
54406
95341
4357
68866
75149
97255
97293
14235
72973
55610
95342
87368
53195
13162
59469
37715
27347
1052
97491
56053
73619
95503
60798
90939
39086
80817
52320
55846
72321
27246
4402
74241
68632
26185
1802
51320
51344
92197
68265
32945
78234
52001
79601
42679
82825
57653
47444
92929
67219
94943
88301
30782
13020
93218
19203
63972
79279
26141
24255
13258
43649
79244
55481
65360
85173
68508
72186
53555
96434
94859
2979
34119
52838
17954
38564
3096
86871
45963
41051
9355
34925
83213
3068
16673
80497
83445
55998
31588
64165
75886
71762
20220
58657
83233
15865
95508
70883
53143
46107
55466
37137
79033
47863
30834
37406
9106
65884
12520
44053
31407
87508
73794
44439
20731
25970
16894
91294
5929
66180
26861
7717
28571
63616
73007
47495
96496
84342
49791
99731
87002
92470
69077
73243
44022
61755
45808
3774
47013
33818
43481
50456
28956
96509
74306
65191
7628
978
17097
26644
59822
66626
55449
38206
75804
37311
38368
5936
3383
50656
48809
14160
73142
71605
94415
112
63605
45687
63228
66462
58987
94370
62388
14933
39807
76296
81061
2920
79686
54674
94933
26286
36996
20785
57806
66922
2735
66654
2293
42830
29449
41447
25049
39798
58505
32319
33444
28249
93271
16700
76051
73975
60928
90071
7109
34387
32196
35017
39050
85071
28941
71341
5218
27699
26132
54827
76020
78919
55585
66670
49739
66882
20312
56119
83962
63861
25664
35760
33024
55177
82479
55904
22649
10237
43021
92299
66648
80511
42409
1372
41945
30447
24589
74163
20938
14568
53093
25537
18807
76656
67122
41581
6426
45120
48062
59982
49937
8026
12422
55193
53513
11818
48809
37828
30152
59655
90195
78572
10289
51695
41071
26931
66198
22594
2393
24439
35948
15705
14144
12830
79392
55200
59013
1386
8826
71345
98250
18917
33108
41580
89590
14580
38793
53390
40615
67724
27556
82853
74436
20952
41046
17609
46487
64136
43682
92841
20790
80881
68708
18918
48198
26216
3319
91968
52513
36828
34543
17385
65601
15294
67301
31138
2041
96550
31260
79229
94245
86803
28250
28971
12808
86936
15494
91198
74551
85769
84014
6921
84672
59501
42493
71974
31431
80982
5354
40218
42273
13484
46609
60923
26394
60609
94435
72254
56608
1424
17533
77971
8381
72778
49723
42822
59289
97228
8753
3078
21978
35852
17808
96470
78280
2084
8136
39788
87945
69205
76752
96236
35933
19222
62244
13270
74076
67950
21016
66812
41216
17057
24700
26408
9558
94817
19820
62347
30589
75898
35399
50902
83987
53918
98127
87118
18593
70315
20537
77382
79666
91366
33476
61775
72686
89745
24540
16154
23527
1041
40346
22450
35637
81277
35006
68229
45560
57488
81059
17326
41631
72102
97670
33454
10867
17075
24691
7149
66479
53295
56739
95704
28853
26987
96954
11676
37613
23721
26376
13350
75618
39141
92936
17425
79229
78004
70687
33892
50861
43589
83091
14305
19367
4872
17885
78709
99291
82510
83501
41791
66940
17177
87045
44495
82356
38008
31098
15759
99732
42683
71336
11576
83173
35414
87142
89062
53595
72837
40413
40595
36511
40121
37584
77016
96895
82258
25129
86014
86065
5178
7868
76161
29071
91320
36814
55804
94112
22273
75098
62457
15469
13350
73854
79721
16419
64348
65437
44603
48865
99976
16725
85671
45639
79210
90641
4985
55536
92192
97711
76902
56017
3385
81172
24918
68156
89133
36324
91458
62403
38010
8647
30601
4244
87086
82222
90701
43398
29926
44491
58283
13988
44205
6589
95175
58677
19933
11287
86279
42215
84767
30906
17386
28439
29115
61975
99481
78711
81602
58503
6335
10922
19522
26353
26237
33719
11410
55096
52168
2373
16110
82034
40023
81048
21856
12156
8319
73310
85332
44166
36741
76216
91547
44448
54537
12104
41612
77839
61539
23456
3935
14445
46375
69833
5828
48589
81490
91278
38147
28560
82515
45371
73710
50842
72010
81643
4113
79605
56267
60959
62791
48788
91954
25396
83560
39213
72944
20250
59695
29850
6748
60093
2407
29611
58936
1580
53230
40878
66340
18385
86581
1048
97654
91343
60049
20548
59057
71504
25411
41207
4312
31132
45905
94284
20980
45787
84084
3874
82834
60548
69901
17361
65482
84993
4850
4478
71860
21514
41525
2476
7853
53748
7293
50060
62197
26994
62676
59091
30998
91544
78946
12664
50430
15984
61400
66354
91508
49950
9788
41003
80250
42637
6989
94199
42636
86323
40546
452
53785
15709
89235
97422
88553
45828
41363
27761
40414
7906
75212
62649
50974
84173
79980
70146
89028
64996
99083
58928
33064
50563
69077
2963
40280
99675
37283
84819
35201
12660
93196
56096
70461
61749
77889
73619
10082
58023
81864
78639
78036
94519
76525
23590
74551
5012
91635
29116
92702
48608
77742
80598
37778
33535
33118
86495
90491
86191
9913
74826
98011
76732
36056
74405
4929
70807
67044
23774
28635
12922
41941
86119
81455
99740
77916
17899
37531
49083
18858
91755
50995
31047
26714
42058
62467
89965
61962
72821
3205
7347
4821
45726
99089
29976
84520
96133
72736
26412
23783
39083
53057
25478
91332
75578
84429
75532
70813
6439
55987
6381
9651
9548
86800
56671
33498
62852
57561
75840
32343
86440
42059
5197
19062
24203
59253
46186
49390
66376
70498
88234
71087
64361
86974
41761
21751
97917
27006
99354
79431
79455
77427
73816
38073
9995
69146
13691
88284
51972
32433
41680
25845
8763
71202
31713
15898
33253
97369
2248
93976
64883
61756
57128
56518
66584
19301
27877
84835
27885
8430
48212
16764
41460
64427
60760
37372
83245
24832
79641
25289
58593
74270
66332
99009
98742
15378
30722
31742
87572
56832
39719
86270
29494
14210
35322
97424
13143
45327
92288
87203
13729
80230
84206
10668
72438
16204
84995
74397
32021
43912
24882
83618
47287
41620
82218
62300
50134
88380
59406
62102
76667
76838
25834
52786
64861
51602
13500
24627
74686
50603
23277
76858
37872
30722
82085
30199
51008
11
11590
81400
56154
93711
57954
51107
21176
71619
25965
98889
86504
94624
82777
28040
20424
81325
77565
76748
29498
52808
34995
87647
16370
4423
17147
42828
37316
91615
14340
36722
1748
8973
5731
39096
36263
12758
85494
87686
96289
48606
11618
99090
6407
26516
38761
64289
54445
84371
90811
89566
29858
21256
36010
90500
5644
14186
2850
76288
35763
85973
7293
65777
34871
21897
69587
15911
95439
42457
53770
20933
32356
12721
41856
66261
58864
58063
68685
42422
16647
16998
20147
92830
59656
76691
37988
68635
32187
37250
29956
80537
63568
31511
43363
10239
29240
50211
79595
50592
46653
81902
38232
43192
29660
65200
19197
98387
71391
46239
17873
94798
28633
8794
59540
75195
91590
7363
87068
44085
27415
84891
92172
93372
33252
51972
97540
83724
37034
5787
33441
3824
25256
12660
64777
33678
66280
99879
1522
17038
63754
19969
27410
2070
8646
76965
26021
78295
58247
47050
70969
39318
4763
61384
41691
16245
26606
77910
30454
94013
27546
47430
31216
64329
4776
28245
68068
52616
62469
38754
1578
48137
83804
45269
16947
44984
3980
99102
74565
54099
98152
11642
96616
78972
73142
27008
61926
90882
16543
43818
92964
53158
69076
78
77920
35218
33155
36717
13454
96898
52254
75048
42195
80458
30134
86415
12278
31759
86114
13613
34849
50266
82315
95036
52284
91626
75485
86307
93311
92572
72668
58799
54511
6475
95409
26184
67545
82625
75570
19828
83272
99475
14341
28054
44417
12079
80068
14075
87746
82839
7561
32925
94022
26595
35182
30350
57983
44528
5818
20705
61374
53670
28311
70060
56894
61846
73305
40332
20830
84212
6961
77305
54873
32908
47671
51215
46914
46375
41260
32436
78452
10128
63446
74270
40364
43723
31583
51209
47777
74774
10374
27881
23849
18631
63886
3196
34171
64513
27355
88860
19731
9439
39449
9155
72463
26632
94148
7432
65898
45568
93203
20894
35610
53669
64715
76083
22799
19052
82235
45080
10868
12474
1762
63092
94289
84161
39829
67505
2858
68947
51929
77688
95982
14604
6287
35913
38715
46533
19091
11156
75817
559
65875
59382
78334
52016
19217
15212
94132
8593
66179
56541
42003
59559
99856
72173
87031
15722
24570
49777
78031
80484
25811
57305
20319
6178
55323
3626
72779
25275
83927
77410
27608
94755
98945
59497
67311
28864
89349
23151
85880
71156
43470
57597
87617
84451
59120
62263
94680
20460
83950
72644
56561
33829
54706
89318
80905
6385
4224
38635
10318
84718
81333
78479
37372
13377
18207
51513
46783
39205
67690
24973
46263
23342
59555
30275
87113
77395
82029
81522
47293
27795
26895
15635
13770
42260
81540
81540
6549
18826
41680
22855
18952
88685
83106
93689
19001
6474
1281
43680
46576
58528
57772
87427
12964
91959
8695
81290
75974
62354
90605
7048
41542
10522
68725
10858
99594
71919
25947
42668
9868
54431
96213
84743
1005
70903
7497
66567
31887
66137
74174
3791
27211
90778
70232
82459
12172
48035
55322
17732
18156
73687
68292
9750
95291
5334
37070
13660
85177
56558
33470
28056
26921
2147
26296
92951
49555
41783
75500
13176
57051
83557
74821
38694
44953
62538
91463
53122
28696
10689
80436
37370
82177
54178
19443
61380
41810
94037
14935
82071
66437
79858
4571
84642
99467
54727
28473
79234
77289
98134
47606
23824
70140
27661
43684
21679
24616
56542
72544
88893
54571
28543
6059
22448
96735
28475
16106
33367
75216
14930
88114
14585
54943
89165
72886
70448
21673
80026
96781
75565
29993
87709
80489
43226
32417
80351
59674
64489
76128
68290
26652
46686
33565
10461
87396
12259
79444
59774
54534
85519
32832
78461
15857
10125
19798
73226
7054
16128
82368
6019
78927
52233
71280
17497
81895
43958
42433
78858
26728
43607
32967
4362
9864
27995
7066
9083
73916
61130
34660
36352
3668
16630
88791
67600
78643
55681
15133
17499
69486
47308
99267
82574
65262
89322
5785
9147
59512
16383
98723
99196
47005
13701
44382
38595
28947
51695
8326
75789
54507
14762
26849
90596
82416
61658
18287
66163
59745
20711
28414
98098
34200
12866
96894
30230
39791
30365
64760
93697
62743
10634
66521
18558
6949
8229
18315
33508
70387
28124
64968
36470
85437
82075
3415
31714
57332
7346
9645
16533
59175
6350
42734
83295
73612
99014
55723
77544
23953
58942
69113
81734
50527
38309
98189
82793
6917
38459
96150
66074
87347
33295
99153
90249
20746
20622
41102
46783
63470
79643
36317
50266
9097
2416
22158
76290
25921
31619
22322
72621
28201
79521
6877
60669
13892
13497
26356
8458
31743
44862
45667
58492
60360
63496
18457
1701
67354
63167
36213
52659
4075
7871
25928
2800
18940
85847
76375
26306
15896
61989
5726
55922
9728
47357
90090
80056
25483
20032
22421
45986
60603
32606
14547
12181
56542
95327
14680
48894
24055
63154
36204
74815
66791
86160
53855
87208
74908
7389
59225
53596
91142
45134
86710
81797
35675
21582
22755
98040
14068
11775
29875
97995
5194
73872
37513
37453
53707
73672
89788
33786
19139
55355
37160
82191
44134
57498
29087
64464
13810
44169
2151
8110
1119
18119
57729
85991
22295
82348
79171
99514
31980
48946
42092
41113
13273
69584
13351
5537
42078
60919
44956
92700
97065
93062
31928
91027
58298
40807
6000
28160
59126
82480
93288
81107
65554
6216
15196
38243
62533
96835
62286
21118
99925
6331
71706
93631
61498
47894
51475
91832
55781
42166
71504
42964
52752
53428
28084
57367
6215
70956
68031
53796
14891
41367
38728
11428
55972
46050
41799
60388
15513
74685
19232
94159
95223
38962
14605
60210
13109
66370
20613
82610
60273
17905
20101
58168
88470
3336
32193
72697
28204
44888
61531
49005
87950
59201
98545
56089
79585
12923
36457
73699
6797
30415
90484
5918
45831
15277
21794
98113
62905
90565
44243
8423
98338
1197
97160
24048
81157
66201
17375
29257
45637
72948
24879
30989
63549
72579
48291
20288
28968
78232
59750
30734
65382
25514
18332
18357
82463
17477
41486
55959
48518
77858
17582
26394
70300
76949
615
28237
17067
66495
89458
1573
70125
33841
78368
56765
65277
13257
47858
74960
53523
21949
56974
4461
55311
61912
49724
83813
70622
81344
22124
63430
35102
32896
56707
13018
19041
40786
91309
75368
4931
17044
15513
39590
515
5959
52263
1008
43666
95233
95526
92541
20291
86436
84176
66191
46690
43289
64794
67214
37317
45157
65012
93500
97892
68421
20750
65451
95862
25774
85772
31037
9022
77000
47145
62242
18381
41726
96495
35433
88950
41763
99675
41109
65930
20302
35398
72938
3349
41741
92360
95296
7832
5847
13566
90421
41393
47187
85152
4365
44359
8468
2337
54804
2829
94149
39443
48899
80065
3416
35781
41010
14692
47330
48831
6225
87231
61408
26116
38298
12718
69861
31938
86959
95441
48832
70592
7779
92123
85623
4119
21153
91688
15594
53773
18790
76923
7800
86424
97151
49727
42480
48601
25455
97659
57992
81079
42136
94785
64116
82866
49530
46955
23168
6532
61047
69503
12037
99943
63194
61988
76052
31377
75861
99099
90539
93559
14345
52411
67639
80079
17983
62464
55017
56089
40485
6163
45205
16522
96917
21383
15814
78441
69192
3477
57099
94698
85985
672
41453
56346
2356
73350
70515
82247
53193
89435
2427
24525
38573
39526
10078
33626
51029
34099
84673
36847
8097
5455
95732
72084
45155
83817
14818
54850
38885
76779
97507
13627
52635
77419
52007
83425
88415
82320
11994
94627
79799
1632
24236
23690
61965
85276
7899
42246
85714
73736
51577
97661
76765
74454
23549
61486
58605
93936
49245
50136
27525
10344
26427
86510
86696
74377
93788
85587
88416
85387
92662
7538
2758
99886
55295
33524
47304
36794
21700
30051
79349
80819
65295
76172
83173
61846
28837
23021
95509
98958
20461
59069
15953
81887
32968
42873
37448
39358
25793
92724
62619
87653
84796
73627
20915
77008
33067
9058
29067
8354
27073
62398
72398
72945
81564
8443
7585
4568
70459
26425
67470
60136
97805
34660
61616
65073
84832
4288
93073
60312
40099
1517
77228
66951
58869
20019
77649
55436
81227
93840
57574
74720
27623
9985
29587
64068
44340
49535
74009
29833
64571
27810
75483
82992
77013
8559
66822
98832
9867
98400
85246
14505
9752
81393
51897
57465
40544
25395
34846
27190
20277
25956
18086
35158
47331
91623
33284
10005
28238
62594
73346
4866
43294
31078
61512
41509
65772
94095
5849
70656
12896
40248
36156
75250
81557
50053
28481
35625
72346
9279
95295
74029
82661
93392
58760
53735
33000
5532
25584
52010
39092
37075
77670
80367
60827
91550
69032
73738
80070
46360
42454
29165
4570
18285
10622
21254
49644
7864
82658
49338
77194
81788
450
99268
63155
41731
33440
56787
50063
74947
43849
11289
7466
78476
53302
76243
40734
20505
25236
77466
64709
68126
84095
15398
11512
26117
87790
32345
79909
9942
96838
45816
78134
46857
31349
47391
61870
24062
98639
95419
97212
8155
20070
96442
1989
30271
16632
68524
9130
21804
44903
93116
13418
1488
89537
22119
38759
40197
7869
63935
5204
98702
65818
54410
53077
87508
82740
339
44870
43409
76004
3227
38886
96414
79056
50700
10055
45575
41479
11014
12315
1410
5007
86151
78715
93047
77203
30155
65323
38909
49596
95109
38799
84930
26712
92894
57431
14664
24100
4392
79308
85963
41961
33434
51520
46393
56539
34986
13011
74895
54071
49745
75256
45712
2891
54169
58909
13257
80644
75651
4129
67637
21493
85780
61759
30256
39236
18532
22470
1341
67515
30504
81598
61092
75777
46216
34448
76480
72032
13741
35334
67504
29203
62885
68462
73247
72500
26807
17378
8736
79994
68035
9189
68748
76373
72452
30301
49901
98415
99415
51864
3882
98623
22240
70642
72238
37934
47548
53813
43492
11073
20371
4900
79550
69776
84432
86358
33474
5448
17949
37517
31809
36209
33944
38729
23390
26901
82894
62904
56833
81976
87762
11391
58344
14539
19367
76193
54361
52473
59939
85862
47310
91836
43792
69978
40226
92623
52680
38085
93821
84086
15165
99612
57344
28965
57851
29828
80359
84546
96326
86693
17972
30351
43199
20185
17371
61183
1139
4376
67184
81403
18162
22545
92015
85412
96728
84388
88423
44416
35711
74592
35785
22009
38999
37530
48607
86890
54445
90276
98610
69881
71584
68216
28113
51101
65552
13299
41991
52236
34708
28769
80642
55305
35608
324
19620
57612
93519
8450
24429
66305
60102
51413
25839
84800
78758
39371
56881
46803
82569
9193
47519
11882
12368
48232
67571
24909
57790
77476
14261
89719
45445
67032
47089
94096
17113
39631
24713
26237
13388
24039
98281
10666
8480
53923
88421
43707
75067
79256
84797
34314
72903
63028
71321
75957
37373
23430
36993
9770
8382
51853
43450
20098
22982
47179
38248
72256
24898
56773
22973
69430
95940
41798
84096
76639
13799
37627
1545
24961
44247
40009
89937
33928
54451
51508
77215
87068
71002
19161
12942
80305
224
70593
93858
1599
2379
71600
8693
35325
5956
71165
87606
70185
71099
20079
98323
83476
40867
71588
86553
1844
25541
62657
16802
67315
15954
12505
75496
76840
54678
15746
2631
44132
21672
60194
52680
93319
17428
40179
3956
91585
89787
2762
19823
56754
32675
82693
77517
37537
82891
83859
85694
31936
17999
39937
11380
1601
14972
32722
581
31215
36516
12587
74209
95005
37524
36523
71849
77274
51470
90081
22505
1063
52933
74974
85445
6085
29178
15852
62565
59750
91240
4897
43108
49332
65433
24477
50442
92505
90315
34088
99017
17645
47518
46957
96038
73772
1242
48006
39288
22465
64465
43652
43307
19038
77222
20375
27971
18417
95089
1629
44920
86610
12595
92645
61412
2444
47643
50790
37010
7022
31827
78352
55067
37931
41543
67604
8967
82226
97798
7869
32741
52546
90217
25880
33356
18762
41001
29991
17338
43186
93255
85642
99822
34745
70857
76769
33231
22378
44338
35855
66662
12045
52812
73034
97098
19361
58277
11131
92487
9017
49565
92055
69345
58124
66045
60166
19112
55579
43990
31675
23961
13712
21820
12559
75263
17226
22834
77387
35662
64197
89930
23203
13135
17714
43748
15651
81665
54678
82820
91899
64757
24677
34113
9967
42089
37017
94185
5006
12724
9081
88077
81746
10340
83794
15427
30981
41537
86137
43912
81980
91378
21199
84650
59104
21179
42584
90326
43648
25678
86663
3875
4252
57401
64664
83920
99622
70943
63668
6169
9728
38102
35841
76089
31260
72281
86667
68800
80951
58970
53409
87382
21520
980
60121
76541
71316
67501
26345
31866
24039
79103
18998
62128
27187
5952
52489
34727
34364
97717
5745
18322
33372
33737
45149
67863
90109
21448
90702
95303
79161
81700
4567
57379
39049
40286
34832
22535
6702
92181
84074
97541
26527
25219
88038
58035
12856
72747
92831
56992
69412
81807
31110
76840
22438
72827
94763
77527
78340
59515
97214
95226
60723
32576
37183
24971
57687
96492
24967
50107
98827
21266
19200
10637
49911
62575
4571
76344
51375
33351
21441
41089
62742
82067
68312
79639
50683
50426
54779
94517
61239
44521
76152
36583
17220
17720
40802
76457
98510
91983
65532
71994
2539
82855
32292
68962
72631
44703
76632
47263
98078
25822
93548
58667
16351
22651
30950
66411
44739
16383
32414
17787
53782
84833
47083
68090
71410
43858
9552
14981
29664
46165
32841
66744
64237
33185
71954
83220
18474
22781
15571
19784
13979
80363
12301
90380
62749
39173
64089
84070
7654
41822
48547
99037
6514
97980
71819
96815
21395
81551
95875
42152
19565
57072
92566
43174
68468
23000
90914
92862
5390
76245
23281
51847
78327
20818
95424
14001
95730
70917
43473
32034
57044
10695
9982
4336
31254
69421
54338
88776
50929
91587
47587
26987
3363
53012
39518
21515
8724
82807
77067
30299
89518
74588
66923
73449
83393
52178
4862
71641
98642
19917
58486
61754
2148
6446
3805
58959
64014
96483
31702
45073
5867
65057
51536
88904
66705
82724
96684
26324
85353
2073
57123
93856
26818
48032
9404
74541
89256
80236
68603
94953
85913
86097
61841
50853
47754
46500
36604
83555
2523
64484
10947
57293
38385
27682
87231
30991
83106
51538
25353
74762
46542
51081
61749
45974
48436
3027
74951
83021
98283
28950
15934
57155
31468
36330
40247
39750
10618
75794
45501
45131
12930
94027
730
93496
77678
6108
13555
71385
15252
9445
19510
4879
82878
59554
61107
67201
24830
51026
58993
45470
64382
8727
61882
44909
91598
99678
96048
99620
1004
78495
22180
78194
22572
64745
6271
83775
12735
85672
52633
44408
12901
44874
95604
20952
54643
14599
60908
67409
1241
79439
47320
17987
84564
25868
25384
31340
15181
11959
95755
31992
61595
76047
81021
83198
8816
33123
84061
70556
68671
95425
99512
62393
16912
65473
54813
36916
29757
50156
25990
57197
34709
11838
21063
41441
80879
32390
35959
76057
40853
78466
14477
35689
42829
63629
56230
26534
14950
52674
68028
17884
99090
19417
30462
53011
85092
72821
47397
54176
64037
96090
75246
39504
45591
33867
3684
62778
39503
79284
49862
97070
33514
62248
13660
91444
66833
96306
32074
68961
13888
75150
71653
78466
28834
59845
81539
59443
40943
94297
54034
77042
11636
69826
94851
13316
37678
31012
64962
70823
89983
70592
41860
22660
87791
15861
13658
80042
20909
91321
75161
57186
94878
98368
81149
16998
3553
44394
90220
11869
45324
75548
23503
41884
3130
62034
32249
44178
67211
42907
10310
6627
70396
93880
90208
37437
89526
35725
81857
74167
57605
58012
20449
32303
61784
15687
2430
94313
28029
57268
82243
25044
98682
34312
82605
80925
90205
50398
42786
34282
48788
63838
79116
447
62954
69703
48810
59981
45094
45453
90339
94167
66226
94431
82025
42400
53015
60854
27041
36323
71298
34625
67598
40989
45250
9886
94402
34705
86813
91129
25884
8359
42385
4654
47036
32852
53403
66328
36022
74798
97592
87139
92808
7210
53901
48854
82753
71165
87757
13597
13575
48847
97581
21712
49952
10796
88422
66223
62809
91710
45117
84505
43340
82038
80245
54082
88632
36957
96663
7135
13919
87524
91398
6150
90318
52790
48883
90712
62008
66069
30924
48799
94932
97026
90044
8965
69018
18070
68350
9067
34589
18786
53549
64690
32746
60787
54262
18820
24024
7777
66026
19960
12611
40921
12859
86486
22742
47876
92828
99412
56429
1766
35003
49344
91822
36236
22469
1277
453
47750
43719
73235
15140
9988
69861
96849
96534
45331
57901
30927
30006
65190
20381
81381
21228
8648
51276
59753
7289
2872
35140
19580
59847
53642
34036
22937
26614
81752
30906
39146
41528
23241
48688
72047
52718
41051
17075
80179
63386
47477
32381
99059
3145
78230
88495
15655
31154
80283
4485
85299
68097
9829
65244
55201
38684
12638
31185
13254
52177
73548
49725
19608
18211
4201
94164
20217
16090
22086
21731
95898
16395
10394
7779
86947
42426
56949
22157
33261
48566
87317
38368
41956
66580
72656
70795
86612
53127
64609
98223
64531
50019
63402
58938
66190
41063
23617
28689
76945
58863
36556
72047
12466
21627
68892
65399
61079
99392
88794
17834
93546
73170
81920
74834
74099
2255
50525
49280
82253
30277
83275
94394
11602
18148
67440
86307
85171
91512
21736
34580
22632
61488
89408
49244
21100
98178
22303
39649
94754
33300
45263
38557
85061
42348
55631
71026
42763
40356
72825
86664
32350
63901
55137
12538
95349
42925
62398
60967
63088
11703
6949
15104
6709
9467
52436
5625
85303
79411
53082
36495
48128
22019
2922
32717
97928
39819
88404
43985
89623
29033
72632
14157
24954
88002
63219
23112
62343
14998
54863
34332
71565
35257
81584
1225
58282
25475
89392
55231
14015
82732
7746
62857
91240
193
94369
2114
7528
1720
85603
24817
95472
6508
59926
10935
74877
90058
7492
33721
44681
14244
10950
32247
66886
27602
65041
56530
21073
26301
59215
25
97084
5830
18833
15766
11635
31013
76069
92195
57565
50540
80978
63427
35869
50193
27269
85568
85988
15821
24477
85852
26819
23818
15555
75662
79714
44087
52889
78633
60804
8678
89782
23198
15577
87497
71949
25399
59241
68930
32244
47916
68026
96984
11710
12708
34144
56944
57626
53629
60049
52495
70552
81704
72258
12415
90610
33667
56351
77772
97970
87711
80606
19500
67234
12097
9609
42818
14953
52227
8227
55600
56960
53488
95981
93458
29291
93123
55483
33895
26814
6207
94896
43475
55679
48033
40781
79816
82439
64753
90627
75033
26643
84620
43174
65044
11691
3314
19147
40221
3318
95100
17395
2724
6092
48911
6642
22717
88808
63464
28260
18137
62623
88295
29775
31560
71421
24819
1264
19755
76502
66973
75239
62576
84524
23275
6997
67605
795
79917
3883
7797
56568
12800
78430
94969
4439
28003
56902
66302
74305
51074
62964
56644
9345
16634
47991
91000
93361
63883
52823
55144
72440
57964
23561
65244
19301
33948
73225
71167
20188
80982
30609
53358
4393
34504
25458
89127
51319
69578
16685
62682
88191
48368
90493
58065
69715
66490
19181
74195
86893
27500
50373
17799
31314
98187
87479
57241
47955
50982
43328
2505
72877
54870
30484
86313
22388
44256
84311
41717
65300
31108
31891
79243
24459
90981
54624
59415
67882
41766
49729
84111
36884
59738
65866
7272
96893
87918
78706
48610
99628
15064
78544
76076
50878
59735
20640
93743
98586
21659
64337
78413
35310
9823
43150
93457
73088
56173
43748
67387
65506
17647
30271
23110
95058
32379
69575
46037
67990
38316
34959
10136
75218
67608
96079
28250
36221
27223
93725
64056
51932
87146
74399
92118
62006
5401
107
83653
99350
81354
96082
25909
66938
94751
96719
11555
32622
16653
17684
72303
66709
93838
68148
44657
94280
81779
76056
15380
59007
90447
89767
76332
82840
49757
70864
90039
45049
90264
8269
95141
75002
40626
78046
4733
98673
96393
96424
51192
49171
27007
364
39000
90590
6735
47270
76491
86904
58131
94418
57391
11067
36184
30092
77253
63281
24139
65092
77952
75877
92441
93454
89214
35532
12672
48414
70576
90989
46245
27577
51110
97759
59387
55856
99736
90249
47636
31624
54797
37404
39682
16766
46880
38052
23010
86651
42377
77458
76774
90712
39513
16332
49076
36123
82763
55056
34957
39826
91842
68254
19986
23302
56272
46553
70047
34604
73593
44994
76639
21441
55106
51958
71429
17695
54493
11254
95632
91552
86521
94081
21264
17614
8569
5457
91552
39139
49862
90942
10054
32913
17800
30806
68506
35178
91733
2524
45683
26000
53009
68317
33266
83015
59728
87877
1180
46565
43527
57479
55099
31504
99335
31129
93236
94565
24954
54554
11833
82181
33920
28776
30929
36053
69882
20532
18899
23717
37854
1295
76629
77964
57129
6696
83531
61734
89434
11271
31073
18164
13324
58916
41032
40877
96535
4814
29782
33861
4196
15642
78941
51667
77215
5195
27315
21047
46008
39003
66513
57085
3696
43470
36246
66880
10200
64554
88041
90975
69405
85670
24244
16510
441
4186
68620
75870
64121
99619
25184
45195
27485
69116
